countingtime = 0.02043435
start1 = 19
lamba = 0.5
start2 = 5
time_spent_on_astar = 0.001094155
t_delay = 0.5
mean_prob_err = 0.05413187385870342
std_prob_err = nan
conflict_counts_locally = [9]
solution = [[[19, 20], [20, 21], [21, 22], [22, 22], [22, 23], [23, 24]], [[5, 11], [11, 17], [17, 23], [23, 29], [29, 35]]]
goal1 = 24
global_cp = 0.08999999999999997
goal2 = 35
runtime = 0.056166707
epsilon = 0.125
num_interactions = [1, 1]
iteration_count = 1
