countingtime = 0.003135087
start1 = 25
lamba = 0.5
start2 = 5
time_spent_on_astar = 0.00046548199999999997
t_delay = 0.5
mean_prob_err = 0.07343750000776805
std_prob_err = nan
conflict_counts_locally = [20]
solution = [[[25, 26], [26, 27], [27, 28], [28, 29], [29, 30]], [[5, 11], [11, 17], [17, 23], [23, 29], [29, 35]]]
goal1 = 30
global_cp = 0.19999999999999996
goal2 = 35
runtime = 0.031888616
epsilon = 0.825
num_interactions = [1, 1]
iteration_count = 0
