countingtime = 0.010124826
start1 = 19
lamba = 0.5
start2 = 4
time_spent_on_astar = 0.0007401959999999999
t_delay = 0.5
mean_prob_err = 0.02401437226740863
std_prob_err = nan
conflict_counts_locally = [13]
solution = [[[19, 20], [20, 21], [21, 22], [22, 23], [23, 24]], [[4, 10], [10, 16], [16, 16], [16, 22], [22, 28], [28, 34]]]
goal1 = 24
global_cp = 0.13
goal2 = 34
runtime = 0.036095539
epsilon = 0.225
num_interactions = [1, 1]
iteration_count = 1
