countingtime = 0.004303316
start1 = 25
lamba = 0.5
start2 = 3
time_spent_on_astar = 0.000433147
t_delay = 0.5
mean_prob_err = 0.00510217848972078
std_prob_err = nan
conflict_counts_locally = [3]
solution = [[[25, 26], [26, 27], [27, 28], [28, 29], [29, 30]], [[3, 9], [9, 15], [15, 21], [21, 27], [27, 33]]]
goal1 = 30
global_cp = 0.030000000000000027
goal2 = 33
runtime = 0.036158734
epsilon = 0.4
num_interactions = [1, 1]
iteration_count = 0
