countingtime = 1.861e-6
start1 = 7
lamba = 0.5
start2 = 4
time_spent_on_astar = 0.000320184
t_delay = 0.5
mean_prob_err = nan
std_prob_err = nan
conflict_counts_locally = [2]
solution = [[[7, 8], [8, 9], [9, 10], [10, 11], [11, 12]], [[4, 10], [10, 16], [16, 22], [22, 28], [28, 34]]]
goal1 = 12
global_cp = 0.020000000000000018
goal2 = 34
runtime = 0.026524372
epsilon = 0.425
num_interactions = [1, 1]
iteration_count = 0
