countingtime = 0.018044478000000003
start1 = 19
lamba = 0.5
start2 = 4
time_spent_on_astar = 0.001305125
t_delay = 0.5
mean_prob_err = 0.00538297383831603
std_prob_err = 0.0006861090021265404
conflict_counts_locally = [2, 3]
solution = [[[19, 20], [20, 21], [21, 22], [22, 23], [23, 24]], [[4, 10], [10, 16], [16, 15], [15, 21], [21, 22], [22, 28], [28, 34]]]
goal1 = 24
global_cp = 0.0494
goal2 = 34
runtime = 0.048329817
epsilon = 0.2
num_interactions = [2, 1]
iteration_count = 1
