countingtime = 0.003268787
start1 = 7
lamba = 0.5
start2 = 5
time_spent_on_astar = 0.000342091
t_delay = 0.5
mean_prob_err = nan
std_prob_err = nan
conflict_counts_locally = []
solution = [[[7, 8], [8, 9], [9, 10], [10, 11], [11, 12]], [[5, 11], [11, 17], [17, 23], [23, 29], [29, 35]]]
goal1 = 12
global_cp = 0.0
goal2 = 35
runtime = 0.026941629
epsilon = 0.6
num_interactions = [1, 1]
iteration_count = 0
