countingtime = 1.918e-6
start1 = 7
lamba = 0.5
start2 = 4
time_spent_on_astar = 0.000309794
t_delay = 0.5
mean_prob_err = nan
std_prob_err = nan
conflict_counts_locally = [6]
solution = [[[7, 8], [8, 9], [9, 10], [10, 11], [11, 12]], [[4, 10], [10, 16], [16, 22], [22, 28], [28, 34]]]
goal1 = 12
global_cp = 0.06000000000000005
goal2 = 34
runtime = 0.025661753
epsilon = 0.9
num_interactions = [1, 1]
iteration_count = 0
