countingtime = 0.04607658299999999
start1 = 25
lamba = 0.5
start2 = 5
time_spent_on_astar = 0.0024995380000000004
t_delay = 0.5
mean_prob_err = 0.010164719024712133
std_prob_err = 0.008065835731443857
conflict_counts_locally = [2, 5]
solution = [[[25, 26], [26, 27], [27, 28], [28, 29], [29, 30]], [[5, 11], [11, 17], [17, 16], [16, 22], [22, 28], [28, 29], [29, 35]]]
goal1 = 30
global_cp = 0.06900000000000006
goal2 = 35
runtime = 0.077251853
epsilon = 0.15
num_interactions = [2, 1]
iteration_count = 3
