countingtime = 0.008304181999999998
start1 = 7
lamba = 0.5
start2 = 2
time_spent_on_astar = 0.0008542789999999999
t_delay = 0.5
mean_prob_err = nan
std_prob_err = nan
conflict_counts_locally = [18]
solution = [[[7, 7], [7, 8], [8, 9], [9, 10], [10, 11], [11, 12]], [[2, 8], [8, 14], [14, 20], [20, 26], [26, 32]]]
goal1 = 12
global_cp = 0.17999999999999994
goal2 = 32
runtime = 0.033068283
epsilon = 0.2
num_interactions = [1, 1]
iteration_count = 1
