countingtime = 0.020511399
start1 = 25
lamba = 0.5
start2 = 4
time_spent_on_astar = 0.001040219
t_delay = 0.5
mean_prob_err = 0.0058681261663528425
std_prob_err = nan
conflict_counts_locally = [3]
solution = [[[25, 26], [26, 27], [27, 28], [28, 29], [29, 30]], [[4, 10], [10, 16], [16, 22], [22, 22], [22, 28], [28, 34]]]
goal1 = 30
global_cp = 0.030000000000000027
goal2 = 34
runtime = 0.048874871
epsilon = 0.125
num_interactions = [1, 1]
iteration_count = 1
