countingtime = 2.035e-6
start1 = 7
lamba = 0.5
start2 = 2
time_spent_on_astar = 0.00032656799999999995
t_delay = 0.5
mean_prob_err = nan
std_prob_err = nan
conflict_counts_locally = [52]
solution = [[[7, 8], [8, 9], [9, 10], [10, 11], [11, 12]], [[2, 8], [8, 14], [14, 20], [20, 26], [26, 32]]]
goal1 = 12
global_cp = 0.52
goal2 = 32
runtime = 0.026093762
epsilon = 0.525
num_interactions = [1, 1]
iteration_count = 0
