countingtime = 0.003126695
start1 = 25
lamba = 0.5
start2 = 5
time_spent_on_astar = 0.000347869
t_delay = 0.5
mean_prob_err = 0.036562499992231934
std_prob_err = nan
conflict_counts_locally = [31]
solution = [[[25, 26], [26, 27], [27, 28], [28, 29], [29, 30]], [[5, 11], [11, 17], [17, 23], [23, 29], [29, 35]]]
goal1 = 30
global_cp = 0.31000000000000005
goal2 = 35
runtime = 0.031332203
epsilon = 0.9
num_interactions = [1, 1]
iteration_count = 0
