countingtime = 0.030554343000000005
start1 = 25
lamba = 0.5
start2 = 3
time_spent_on_astar = 0.0009900830000000001
t_delay = 0.5
mean_prob_err = nan
std_prob_err = nan
conflict_counts_locally = []
solution = [[[25, 26], [26, 27], [27, 28], [28, 29], [29, 30]], [[3, 9], [9, 15], [15, 21], [21, 21], [21, 27], [27, 33]]]
goal1 = 30
global_cp = 0.0
goal2 = 33
runtime = 0.060037293
epsilon = 0.025
num_interactions = [1, 1]
iteration_count = 1
