countingtime = 2.798e-6
start1 = 13
lamba = 0.5
start2 = 4
time_spent_on_astar = 0.000398084
t_delay = 0.5
mean_prob_err = 0.046206260856785614
std_prob_err = nan
conflict_counts_locally = [19]
solution = [[[13, 14], [14, 15], [15, 16], [16, 17], [17, 18]], [[4, 10], [10, 16], [16, 22], [22, 28], [28, 34]]]
goal1 = 18
global_cp = 0.18999999999999995
goal2 = 34
runtime = 0.0273663
epsilon = 0.875
num_interactions = [1, 1]
iteration_count = 0
