countingtime = 1.548e-6
start1 = 19
lamba = 0.5
start2 = 4
time_spent_on_astar = 0.000360747
t_delay = 0.5
mean_prob_err = 0.022500014363255827
std_prob_err = nan
conflict_counts_locally = [29]
solution = [[[19, 20], [20, 21], [21, 22], [22, 23], [23, 24]], [[4, 10], [10, 16], [16, 22], [22, 28], [28, 34]]]
goal1 = 24
global_cp = 0.29000000000000004
goal2 = 34
runtime = 0.025367287
epsilon = 0.75
num_interactions = [1, 1]
iteration_count = 0
