countingtime = 2.076e-6
start1 = 7
lamba = 0.5
start2 = 3
time_spent_on_astar = 0.00032255
t_delay = 0.5
mean_prob_err = nan
std_prob_err = nan
conflict_counts_locally = [18]
solution = [[[7, 8], [8, 9], [9, 10], [10, 11], [11, 12]], [[3, 9], [9, 15], [15, 21], [21, 27], [27, 33]]]
goal1 = 12
global_cp = 0.17999999999999994
goal2 = 33
runtime = 0.027731218
epsilon = 0.8
num_interactions = [1, 1]
iteration_count = 0
