countingtime = 0.051525183999999995
start1 = 25
lamba = 0.5
start2 = 5
time_spent_on_astar = 0.002481799
t_delay = 0.5
mean_prob_err = 0.004461311883071424
std_prob_err = nan
conflict_counts_locally = [5]
solution = [[[25, 26], [26, 27], [27, 28], [28, 29], [29, 30]], [[5, 11], [11, 17], [17, 16], [16, 22], [22, 28], [28, 29], [29, 35]]]
goal1 = 30
global_cp = 0.050000000000000044
goal2 = 35
runtime = 0.081348036
epsilon = 0.125
num_interactions = [2, 1]
iteration_count = 3
