countingtime = 1.902e-6
start1 = 7
lamba = 0.5
start2 = 3
time_spent_on_astar = 0.00032050199999999996
t_delay = 0.5
mean_prob_err = nan
std_prob_err = nan
conflict_counts_locally = [7]
solution = [[[7, 8], [8, 9], [9, 10], [10, 11], [11, 12]], [[3, 9], [9, 15], [15, 21], [21, 27], [27, 33]]]
goal1 = 12
global_cp = 0.07000000000000006
goal2 = 33
runtime = 0.025761813
epsilon = 0.625
num_interactions = [1, 1]
iteration_count = 0
