countingtime = 1.823e-6
start1 = 13
lamba = 0.5
start2 = 2
time_spent_on_astar = 0.000313522
t_delay = 0.5
mean_prob_err = 0.0015817861798669702
std_prob_err = nan
conflict_counts_locally = [12]
solution = [[[13, 14], [14, 15], [15, 16], [16, 17], [17, 18]], [[2, 8], [8, 14], [14, 20], [20, 26], [26, 32]]]
goal1 = 18
global_cp = 0.12
goal2 = 32
runtime = 0.024391683
epsilon = 0.65
num_interactions = [1, 1]
iteration_count = 0
