countingtime = 0.006688401
start1 = 25
lamba = 0.5
start2 = 3
time_spent_on_astar = 0.000596875
t_delay = 0.5
mean_prob_err = 0.035102178489720776
std_prob_err = nan
conflict_counts_locally = [6]
solution = [[[25, 26], [26, 27], [27, 28], [28, 29], [29, 30]], [[3, 9], [9, 15], [15, 21], [21, 27], [27, 33]]]
goal1 = 30
global_cp = 0.06000000000000005
goal2 = 33
runtime = 0.050125666
epsilon = 0.525
num_interactions = [1, 1]
iteration_count = 0
