countingtime = 2.396e-6
start1 = 13
lamba = 0.5
start2 = 3
time_spent_on_astar = 0.00030980199999999997
t_delay = 0.5
mean_prob_err = 0.024999998386531053
std_prob_err = nan
conflict_counts_locally = [35]
solution = [[[13, 14], [14, 15], [15, 16], [16, 17], [17, 18]], [[3, 9], [9, 15], [15, 21], [21, 27], [27, 33]]]
goal1 = 18
global_cp = 0.35
goal2 = 33
runtime = 0.024149998
epsilon = 0.55
num_interactions = [1, 1]
iteration_count = 0
