countingtime = 0.0037473249999999997
start1 = 7
lamba = 0.5
start2 = 2
time_spent_on_astar = 0.000637802
t_delay = 0.5
mean_prob_err = 0.021581786179866988
std_prob_err = nan
conflict_counts_locally = [14]
solution = [[[7, 8], [8, 9], [9, 10], [10, 11], [11, 12]], [[2, 2], [2, 8], [8, 14], [14, 20], [20, 26], [26, 32]]]
goal1 = 12
global_cp = 0.14
goal2 = 32
runtime = 0.03124939
epsilon = 0.375
num_interactions = [1, 1]
iteration_count = 1
