countingtime = 0.003429254
start1 = 19
lamba = 0.5
start2 = 5
time_spent_on_astar = 0.00034617800000000005
t_delay = 0.5
mean_prob_err = 0.004014370403991108
std_prob_err = nan
conflict_counts_locally = [15]
solution = [[[19, 20], [20, 21], [21, 22], [22, 23], [23, 24]], [[5, 11], [11, 17], [17, 23], [23, 29], [29, 35]]]
goal1 = 24
global_cp = 0.15000000000000002
goal2 = 35
runtime = 0.031427455
epsilon = 0.15
num_interactions = [1, 1]
iteration_count = 0
