countingtime = 0.131654163
start1 = 19
lamba = 0.5
start2 = 4
time_spent_on_astar = 0.006072348
t_delay = 0.5
mean_prob_err = nan
std_prob_err = nan
conflict_counts_locally = []
solution = [[[19, 20], [20, 21], [21, 22], [22, 23], [23, 24]], [[4, 10], [10, 16], [16, 15], [15, 15], [15, 21], [21, 27], [27, 33], [33, 34]]]
goal1 = 24
global_cp = 0.0
goal2 = 34
runtime = 0.167701236
epsilon = 0.025
num_interactions = [1, 1]
iteration_count = 5
