countingtime = 0.003642214
start1 = 25
lamba = 0.5
start2 = 4
time_spent_on_astar = 0.000381052
t_delay = 0.5
mean_prob_err = 0.04598562773259138
std_prob_err = nan
conflict_counts_locally = [20]
solution = [[[25, 26], [26, 27], [27, 28], [28, 29], [29, 30]], [[4, 10], [10, 16], [16, 22], [22, 28], [28, 34]]]
goal1 = 30
global_cp = 0.19999999999999996
goal2 = 34
runtime = 0.032928822
epsilon = 0.625
num_interactions = [1, 1]
iteration_count = 0
