countingtime = 0.003672404
start1 = 25
lamba = 0.5
start2 = 3
time_spent_on_astar = 0.000362812
t_delay = 0.5
mean_prob_err = nan
std_prob_err = nan
conflict_counts_locally = []
solution = [[[25, 26], [26, 27], [27, 28], [28, 29], [29, 30]], [[3, 9], [9, 15], [15, 21], [21, 27], [27, 33]]]
goal1 = 30
global_cp = 0.0
goal2 = 33
runtime = 0.03108049
epsilon = 0.825
num_interactions = [1, 1]
iteration_count = 0
