countingtime = 0.017798477
start1 = 19
lamba = 0.5
start2 = 4
time_spent_on_astar = 0.0012298860000000001
t_delay = 0.5
mean_prob_err = 0.004514847671963189
std_prob_err = 0.0005416067961806098
conflict_counts_locally = [2, 4]
solution = [[[19, 20], [20, 21], [21, 22], [22, 23], [23, 24]], [[4, 10], [10, 16], [16, 15], [15, 21], [21, 22], [22, 28], [28, 34]]]
goal1 = 24
global_cp = 0.05920000000000003
goal2 = 34
runtime = 0.047515089
epsilon = 0.175
num_interactions = [2, 1]
iteration_count = 1
