countingtime = 1.934e-6
start1 = 19
lamba = 0.5
start2 = 3
time_spent_on_astar = 0.000322645
t_delay = 0.5
mean_prob_err = 0.046206289272246126
std_prob_err = nan
conflict_counts_locally = [19]
solution = [[[19, 20], [20, 21], [21, 22], [22, 23], [23, 24]], [[3, 9], [9, 15], [15, 21], [21, 27], [27, 33]]]
goal1 = 24
global_cp = 0.18999999999999995
goal2 = 33
runtime = 0.02926982
epsilon = 0.55
num_interactions = [1, 1]
iteration_count = 0
