countingtime = 0.021632887000000003
start1 = 19
lamba = 0.5
start2 = 4
time_spent_on_astar = 0.001118921
t_delay = 0.5
mean_prob_err = nan
std_prob_err = nan
conflict_counts_locally = []
solution = [[[19, 20], [20, 21], [21, 22], [22, 23], [23, 24]], [[4, 10], [10, 16], [16, 15], [15, 21], [21, 27], [27, 28], [28, 34]]]
goal1 = 24
global_cp = 0.0
goal2 = 34
runtime = 0.063844383
epsilon = 0.05
num_interactions = [1, 1]
iteration_count = 1
