countingtime = 2.606e-6
start1 = 19
lamba = 0.5
start2 = 3
time_spent_on_astar = 0.00034938799999999996
t_delay = 0.5
mean_prob_err = 0.033793710727753876
std_prob_err = nan
conflict_counts_locally = [11]
solution = [[[19, 20], [20, 21], [21, 22], [22, 23], [23, 24]], [[3, 9], [9, 15], [15, 21], [21, 27], [27, 33]]]
goal1 = 24
global_cp = 0.10999999999999999
goal2 = 33
runtime = 0.027907454
epsilon = 0.825
num_interactions = [1, 1]
iteration_count = 0
