countingtime = 2.344e-6
start1 = 13
lamba = 0.5
start2 = 3
time_spent_on_astar = 0.00033361299999999997
t_delay = 0.5
mean_prob_err = 0.06500000161346897
std_prob_err = nan
conflict_counts_locally = [44]
solution = [[[13, 14], [14, 15], [15, 16], [16, 17], [17, 18]], [[3, 9], [9, 15], [15, 21], [21, 27], [27, 33]]]
goal1 = 18
global_cp = 0.43999999999999995
goal2 = 33
runtime = 0.026983851
epsilon = 0.575
num_interactions = [1, 1]
iteration_count = 0
