countingtime = 0.0036211319999999996
start1 = 7
lamba = 0.5
start2 = 2
time_spent_on_astar = 0.000682607
t_delay = 0.5
mean_prob_err = 0.03158178617986697
std_prob_err = nan
conflict_counts_locally = [15]
solution = [[[7, 8], [8, 9], [9, 10], [10, 11], [11, 12]], [[2, 2], [2, 8], [8, 14], [14, 20], [20, 26], [26, 32]]]
goal1 = 12
global_cp = 0.15000000000000002
goal2 = 32
runtime = 0.029070935
epsilon = 0.475
num_interactions = [1, 1]
iteration_count = 1
