countingtime = 2.3e-6
start1 = 13
lamba = 0.5
start2 = 3
time_spent_on_astar = 0.000351651
t_delay = 0.5
mean_prob_err = 0.05500000161346896
std_prob_err = nan
conflict_counts_locally = [43]
solution = [[[13, 14], [14, 15], [15, 16], [16, 17], [17, 18]], [[3, 9], [9, 15], [15, 21], [21, 27], [27, 33]]]
goal1 = 18
global_cp = 0.42999999999999994
goal2 = 33
runtime = 0.026807982
epsilon = 0.525
num_interactions = [1, 1]
iteration_count = 0
