countingtime = 2.782e-6
start1 = 19
lamba = 0.5
start2 = 3
time_spent_on_astar = 0.00034988200000000004
t_delay = 0.5
mean_prob_err = 0.03620628927224612
std_prob_err = nan
conflict_counts_locally = [18]
solution = [[[19, 20], [20, 21], [21, 22], [22, 23], [23, 24]], [[3, 9], [9, 15], [15, 21], [21, 27], [27, 33]]]
goal1 = 24
global_cp = 0.17999999999999994
goal2 = 33
runtime = 0.027714298
epsilon = 0.275
num_interactions = [1, 1]
iteration_count = 0
