countingtime = 0.036069163
start1 = 19
lamba = 0.5
start2 = 4
time_spent_on_astar = 0.001216141
t_delay = 0.5
mean_prob_err = 0.00951484767196319
std_prob_err = 0.006529461015684867
conflict_counts_locally = [2, 5]
solution = [[[19, 20], [20, 21], [21, 22], [22, 23], [23, 24]], [[4, 10], [10, 16], [16, 15], [15, 21], [21, 22], [22, 28], [28, 34]]]
goal1 = 24
global_cp = 0.06900000000000006
goal2 = 34
runtime = 0.065704999
epsilon = 0.125
num_interactions = [2, 1]
iteration_count = 1
