countingtime = 1.802e-6
start1 = 13
lamba = 0.5
start2 = 3
time_spent_on_astar = 0.000347314
t_delay = 0.5
mean_prob_err = 0.035000001613468945
std_prob_err = nan
conflict_counts_locally = [41]
solution = [[[13, 14], [14, 15], [15, 16], [16, 17], [17, 18]], [[3, 9], [9, 15], [15, 21], [21, 27], [27, 33]]]
goal1 = 18
global_cp = 0.4099999999999999
goal2 = 33
runtime = 0.023864652
epsilon = 0.9
num_interactions = [1, 1]
iteration_count = 0
