countingtime = 0.0033898799999999996
start1 = 7
lamba = 0.5
start2 = 2
time_spent_on_astar = 0.000606473
t_delay = 0.5
mean_prob_err = 0.0015817861798669702
std_prob_err = nan
conflict_counts_locally = [12]
solution = [[[7, 8], [8, 9], [9, 10], [10, 11], [11, 12]], [[2, 2], [2, 8], [8, 14], [14, 20], [20, 26], [26, 32]]]
goal1 = 12
global_cp = 0.12
goal2 = 32
runtime = 0.029360554
epsilon = 0.4
num_interactions = [1, 1]
iteration_count = 1
