countingtime = 0.003382652
start1 = 19
lamba = 0.5
start2 = 5
time_spent_on_astar = 0.00035168799999999996
t_delay = 0.5
mean_prob_err = 0.014014370403991089
std_prob_err = nan
conflict_counts_locally = [14]
solution = [[[19, 20], [20, 21], [21, 22], [22, 23], [23, 24]], [[5, 11], [11, 17], [17, 23], [23, 29], [29, 35]]]
goal1 = 24
global_cp = 0.14
goal2 = 35
runtime = 0.030597752
epsilon = 0.875
num_interactions = [1, 1]
iteration_count = 0
