countingtime = 0.003357866
start1 = 19
lamba = 0.5
start2 = 5
time_spent_on_astar = 0.00034248
t_delay = 0.5
mean_prob_err = 0.0359856295960089
std_prob_err = nan
conflict_counts_locally = [19]
solution = [[[19, 20], [20, 21], [21, 22], [22, 23], [23, 24]], [[5, 11], [11, 17], [17, 23], [23, 29], [29, 35]]]
goal1 = 24
global_cp = 0.18999999999999995
goal2 = 35
runtime = 0.03045496
epsilon = 0.825
num_interactions = [1, 1]
iteration_count = 0
