countingtime = 0.010924626
start1 = 19
lamba = 0.5
start2 = 4
time_spent_on_astar = 0.000773898
t_delay = 0.5
mean_prob_err = 0.00598562773259137
std_prob_err = nan
conflict_counts_locally = [16]
solution = [[[19, 20], [20, 21], [21, 22], [22, 23], [23, 24]], [[4, 10], [10, 16], [16, 16], [16, 22], [22, 28], [28, 34]]]
goal1 = 24
global_cp = 0.16000000000000003
goal2 = 34
runtime = 0.040732125
epsilon = 0.25
num_interactions = [1, 1]
iteration_count = 1
