countingtime = 0.10439467000000001
start1 = 13
lamba = 0.5
start2 = 4
time_spent_on_astar = 0.004664271
t_delay = 0.5
mean_prob_err = nan
std_prob_err = nan
conflict_counts_locally = []
solution = [[[13, 14], [14, 15], [15, 9], [9, 10], [10, 11], [11, 12], [12, 18]], [[4, 10], [10, 16], [16, 22], [22, 28], [28, 34]]]
goal1 = 18
global_cp = 0.0
goal2 = 34
runtime = 0.137237479
epsilon = 0.025
num_interactions = [1, 1]
iteration_count = 4
