countingtime = 2.499e-6
start1 = 13
lamba = 0.5
start2 = 2
time_spent_on_astar = 0.00031028800000000004
t_delay = 0.5
mean_prob_err = 0.038418213820133024
std_prob_err = nan
conflict_counts_locally = [8]
solution = [[[13, 14], [14, 15], [15, 16], [16, 17], [17, 18]], [[2, 8], [8, 14], [14, 20], [20, 26], [26, 32]]]
goal1 = 18
global_cp = 0.07999999999999996
goal2 = 32
runtime = 0.02397341
epsilon = 0.75
num_interactions = [1, 1]
iteration_count = 0
