countingtime = 0.0072214
start1 = 13
lamba = 0.5
start2 = 3
time_spent_on_astar = 0.0007151
t_delay = 0.5
mean_prob_err = 0.033793710727753876
std_prob_err = nan
conflict_counts_locally = [11]
solution = [[[13, 14], [14, 15], [15, 16], [16, 17], [17, 18]], [[3, 9], [9, 9], [9, 15], [15, 21], [21, 27], [27, 33]]]
goal1 = 18
global_cp = 0.10999999999999999
goal2 = 33
runtime = 0.03251631
epsilon = 0.225
num_interactions = [1, 1]
iteration_count = 1
