countingtime = 0.003463886
start1 = 25
lamba = 0.5
start2 = 2
time_spent_on_astar = 0.000322829
t_delay = 0.5
mean_prob_err = nan
std_prob_err = nan
conflict_counts_locally = []
solution = [[[25, 26], [26, 27], [27, 28], [28, 29], [29, 30]], [[2, 8], [8, 14], [14, 20], [20, 26], [26, 32]]]
goal1 = 30
global_cp = 0.0
goal2 = 32
runtime = 0.031271898
epsilon = 0.45
num_interactions = [1, 1]
iteration_count = 0
