countingtime = 0.003338533
start1 = 19
lamba = 0.5
start2 = 5
time_spent_on_astar = 0.000356728
t_delay = 0.5
mean_prob_err = 0.005985629596008901
std_prob_err = nan
conflict_counts_locally = [16]
solution = [[[19, 20], [20, 21], [21, 22], [22, 23], [23, 24]], [[5, 11], [11, 17], [17, 23], [23, 29], [29, 35]]]
goal1 = 24
global_cp = 0.16000000000000003
goal2 = 35
runtime = 0.031197103
epsilon = 0.65
num_interactions = [1, 1]
iteration_count = 0
