countingtime = 0.030873723999999998
start1 = 25
lamba = 0.5
start2 = 4
time_spent_on_astar = 0.001271849
t_delay = 0.5
mean_prob_err = nan
std_prob_err = nan
conflict_counts_locally = []
solution = [[[25, 26], [26, 27], [27, 28], [28, 29], [29, 30]], [[4, 10], [10, 16], [16, 15], [15, 21], [21, 27], [27, 28], [28, 34]]]
goal1 = 30
global_cp = 0.0
goal2 = 34
runtime = 0.061123533
epsilon = 0.05
num_interactions = [2, 1]
iteration_count = 1
