countingtime = 0.0037888499999999994
start1 = 7
lamba = 0.5
start2 = 2
time_spent_on_astar = 0.000653541
t_delay = 0.5
mean_prob_err = 0.01841821382013302
std_prob_err = nan
conflict_counts_locally = [10]
solution = [[[7, 8], [8, 9], [9, 10], [10, 11], [11, 12]], [[2, 2], [2, 8], [8, 14], [14, 20], [20, 26], [26, 32]]]
goal1 = 12
global_cp = 0.09999999999999998
goal2 = 32
runtime = 0.029940668
epsilon = 0.425
num_interactions = [1, 1]
iteration_count = 1
