countingtime = 0.077205339
start1 = 25
lamba = 0.5
start2 = 5
time_spent_on_astar = 0.0027724349999999997
t_delay = 0.5
mean_prob_err = nan
std_prob_err = nan
conflict_counts_locally = []
solution = [[[25, 26], [26, 27], [27, 28], [28, 29], [29, 30]], [[5, 11], [11, 17], [17, 16], [16, 22], [22, 28], [28, 34], [34, 35]]]
goal1 = 30
global_cp = 0.0
goal2 = 35
runtime = 0.112288621
epsilon = 0.075
num_interactions = [1, 1]
iteration_count = 3
