countingtime = 0.025356987
start1 = 13
lamba = 0.5
start2 = 3
time_spent_on_astar = 0.0022370330000000003
t_delay = 0.5
mean_prob_err = nan
std_prob_err = nan
conflict_counts_locally = []
solution = [[[13, 7], [7, 8], [8, 9], [9, 10], [10, 11], [11, 17], [17, 18]], [[3, 9], [9, 15], [15, 21], [21, 27], [27, 33]]]
goal1 = 18
global_cp = 0.0
goal2 = 33
runtime = 0.075179104
epsilon = 0.2
num_interactions = [1, 1]
iteration_count = 2
