countingtime = 2.853e-6
start1 = 13
lamba = 0.5
start2 = 2
time_spent_on_astar = 0.000314728
t_delay = 0.5
mean_prob_err = 0.05158178617986699
std_prob_err = nan
conflict_counts_locally = [17]
solution = [[[13, 14], [14, 15], [15, 16], [16, 17], [17, 18]], [[2, 8], [8, 14], [14, 20], [20, 26], [26, 32]]]
goal1 = 18
global_cp = 0.17000000000000004
goal2 = 32
runtime = 0.024226876
epsilon = 0.15
num_interactions = [1, 1]
iteration_count = 0
