countingtime = 0.021071184
start1 = 13
lamba = 0.5
start2 = 2
time_spent_on_astar = 0.0010030389999999998
t_delay = 0.5
mean_prob_err = nan
std_prob_err = nan
conflict_counts_locally = []
solution = [[[13, 14], [14, 15], [15, 16], [16, 17], [17, 18]], [[2, 8], [8, 8], [8, 14], [14, 20], [20, 26], [26, 32]]]
goal1 = 18
global_cp = 0.0
goal2 = 32
runtime = 0.050434081
epsilon = 0.025
num_interactions = [1, 1]
iteration_count = 1
