countingtime = 2.027e-6
start1 = 13
lamba = 0.5
start2 = 2
time_spent_on_astar = 0.00032506799999999997
t_delay = 0.5
mean_prob_err = 0.05841821382013303
std_prob_err = nan
conflict_counts_locally = [6]
solution = [[[13, 14], [14, 15], [15, 16], [16, 17], [17, 18]], [[2, 8], [8, 14], [14, 20], [20, 26], [26, 32]]]
goal1 = 18
global_cp = 0.06000000000000005
goal2 = 32
runtime = 0.024550457
epsilon = 0.575
num_interactions = [1, 1]
iteration_count = 0
