countingtime = 0.022012807
start1 = 19
lamba = 0.5
start2 = 4
time_spent_on_astar = 0.001235365
t_delay = 0.5
mean_prob_err = 0.00961702616168397
std_prob_err = 0.006384958809738939
conflict_counts_locally = [3, 5]
solution = [[[19, 20], [20, 21], [21, 22], [22, 23], [23, 24]], [[4, 10], [10, 16], [16, 15], [15, 21], [21, 22], [22, 28], [28, 34]]]
goal1 = 24
global_cp = 0.07850000000000001
goal2 = 34
runtime = 0.051965294
epsilon = 0.1
num_interactions = [2, 1]
iteration_count = 1
