countingtime = 1.966e-6
start1 = 7
lamba = 0.5
start2 = 3
time_spent_on_astar = 0.000313675
t_delay = 0.5
mean_prob_err = nan
std_prob_err = nan
conflict_counts_locally = [9]
solution = [[[7, 8], [8, 9], [9, 10], [10, 11], [11, 12]], [[3, 9], [9, 15], [15, 21], [21, 27], [27, 33]]]
goal1 = 12
global_cp = 0.08999999999999997
goal2 = 33
runtime = 0.024366332
epsilon = 0.725
num_interactions = [1, 1]
iteration_count = 0
