countingtime = 2.547e-6
start1 = 19
lamba = 0.5
start2 = 3
time_spent_on_astar = 0.000321777
t_delay = 0.5
mean_prob_err = 0.05379371072775388
std_prob_err = nan
conflict_counts_locally = [9]
solution = [[[19, 20], [20, 21], [21, 22], [22, 23], [23, 24]], [[3, 9], [9, 15], [15, 21], [21, 27], [27, 33]]]
goal1 = 24
global_cp = 0.08999999999999997
goal2 = 33
runtime = 0.024576237
epsilon = 0.875
num_interactions = [1, 1]
iteration_count = 0
