countingtime = 0.003490187
start1 = 13
lamba = 0.5
start2 = 5
time_spent_on_astar = 0.000340899
t_delay = 0.5
mean_prob_err = 0.02510217829756633
std_prob_err = nan
conflict_counts_locally = [5]
solution = [[[13, 14], [14, 15], [15, 16], [16, 17], [17, 18]], [[5, 11], [11, 17], [17, 23], [23, 29], [29, 35]]]
goal1 = 18
global_cp = 0.050000000000000044
goal2 = 35
runtime = 0.031203324
epsilon = 0.85
num_interactions = [1, 1]
iteration_count = 0
