countingtime = 2.465e-6
start1 = 13
lamba = 0.5
start2 = 2
time_spent_on_astar = 0.000311499
t_delay = 0.5
mean_prob_err = 0.02841821382013303
std_prob_err = nan
conflict_counts_locally = [9]
solution = [[[13, 14], [14, 15], [15, 16], [16, 17], [17, 18]], [[2, 8], [8, 14], [14, 20], [20, 26], [26, 32]]]
goal1 = 18
global_cp = 0.08999999999999997
goal2 = 32
runtime = 0.024210909
epsilon = 0.55
num_interactions = [1, 1]
iteration_count = 0
