countingtime = 0.021659244
start1 = 13
lamba = 0.5
start2 = 4
time_spent_on_astar = 0.001065322
t_delay = 0.5
mean_prob_err = 0.004897821702433674
std_prob_err = nan
conflict_counts_locally = [2]
solution = [[[13, 14], [14, 15], [15, 15], [15, 16], [16, 17], [17, 18]], [[4, 10], [10, 16], [16, 22], [22, 28], [28, 34]]]
goal1 = 18
global_cp = 0.020000000000000018
goal2 = 34
runtime = 0.049133797
epsilon = 0.05
num_interactions = [1, 1]
iteration_count = 1
