countingtime = 0.045873893000000006
start1 = 7
lamba = 0.5
start2 = 2
time_spent_on_astar = 0.0025641300000000004
t_delay = 0.5
mean_prob_err = nan
std_prob_err = nan
conflict_counts_locally = []
solution = [[[7, 8], [8, 9], [9, 10], [10, 11], [11, 12]], [[2, 1], [1, 7], [7, 13], [13, 14], [14, 20], [20, 26], [26, 32]]]
goal1 = 12
global_cp = 0.0
goal2 = 32
runtime = 0.074870995
epsilon = 0.075
num_interactions = [1, 1]
iteration_count = 3
