countingtime = 2.557e-6
start1 = 13
lamba = 0.5
start2 = 4
time_spent_on_astar = 0.000313054
t_delay = 0.5
mean_prob_err = 0.06379373914321439
std_prob_err = nan
conflict_counts_locally = [8]
solution = [[[13, 14], [14, 15], [15, 16], [16, 17], [17, 18]], [[4, 10], [10, 16], [16, 22], [22, 28], [28, 34]]]
goal1 = 18
global_cp = 0.07999999999999996
goal2 = 34
runtime = 0.040333616
epsilon = 0.225
num_interactions = [1, 1]
iteration_count = 0
