countingtime = 2.621e-6
start1 = 19
lamba = 0.5
start2 = 3
time_spent_on_astar = 0.00032347500000000004
t_delay = 0.5
mean_prob_err = 0.016206289272246127
std_prob_err = nan
conflict_counts_locally = [16]
solution = [[[19, 20], [20, 21], [21, 22], [22, 23], [23, 24]], [[3, 9], [9, 15], [15, 21], [21, 27], [27, 33]]]
goal1 = 24
global_cp = 0.16000000000000003
goal2 = 33
runtime = 0.040834807
epsilon = 0.225
num_interactions = [1, 1]
iteration_count = 0
