countingtime = 0.019921730999999998
start1 = 13
lamba = 0.5
start2 = 3
time_spent_on_astar = 0.002023225
t_delay = 0.5
mean_prob_err = nan
std_prob_err = nan
conflict_counts_locally = []
solution = [[[13, 14], [14, 15], [15, 16], [16, 17], [17, 18]], [[3, 9], [9, 8], [8, 14], [14, 20], [20, 21], [21, 27], [27, 33]]]
goal1 = 18
global_cp = 0.0
goal2 = 33
runtime = 0.054311266
epsilon = 0.05
num_interactions = [1, 1]
iteration_count = 1
