countingtime = 0.021272172
start1 = 25
lamba = 0.5
start2 = 4
time_spent_on_astar = 0.00046612300000000004
t_delay = 0.5
mean_prob_err = 0.01598562773259138
std_prob_err = nan
conflict_counts_locally = [17]
solution = [[[25, 26], [26, 27], [27, 28], [28, 29], [29, 30]], [[4, 10], [10, 16], [16, 22], [22, 28], [28, 34]]]
goal1 = 30
global_cp = 0.17000000000000004
goal2 = 34
runtime = 0.049780917
epsilon = 0.925
num_interactions = [1, 1]
iteration_count = 0
