countingtime = 0.024332865
start1 = 25
lamba = 0.5
start2 = 4
time_spent_on_astar = 0.0010503210000000001
t_delay = 0.5
mean_prob_err = 0.01586812616635284
std_prob_err = nan
conflict_counts_locally = [2]
solution = [[[25, 26], [26, 27], [27, 28], [28, 29], [29, 30]], [[4, 10], [10, 16], [16, 22], [22, 22], [22, 28], [28, 34]]]
goal1 = 30
global_cp = 0.020000000000000018
goal2 = 34
runtime = 0.053073437
epsilon = 0.075
num_interactions = [1, 1]
iteration_count = 1
