countingtime = 1.983e-6
start1 = 13
lamba = 0.5
start2 = 2
time_spent_on_astar = 0.000319
t_delay = 0.5
mean_prob_err = 0.04841821382013302
std_prob_err = nan
conflict_counts_locally = [7]
solution = [[[13, 14], [14, 15], [15, 16], [16, 17], [17, 18]], [[2, 8], [8, 14], [14, 20], [20, 26], [26, 32]]]
goal1 = 18
global_cp = 0.07000000000000006
goal2 = 32
runtime = 0.023912157
epsilon = 0.85
num_interactions = [1, 1]
iteration_count = 0
