countingtime = 2.398e-6
start1 = 7
lamba = 0.5
start2 = 3
time_spent_on_astar = 0.000318418
t_delay = 0.5
mean_prob_err = nan
std_prob_err = nan
conflict_counts_locally = [10]
solution = [[[7, 8], [8, 9], [9, 10], [10, 11], [11, 12]], [[3, 9], [9, 15], [15, 21], [21, 27], [27, 33]]]
goal1 = 12
global_cp = 0.09999999999999998
goal2 = 33
runtime = 0.045513473
epsilon = 0.175
num_interactions = [1, 1]
iteration_count = 0
