countingtime = 4.7471e-5
start1 = 19
lamba = 0.5
start2 = 4
time_spent_on_astar = 0.000343647
t_delay = 0.5
mean_prob_err = 0.04250001436325579
std_prob_err = nan
conflict_counts_locally = [27]
solution = [[[19, 20], [20, 21], [21, 22], [22, 23], [23, 24]], [[4, 10], [10, 16], [16, 22], [22, 28], [28, 34]]]
goal1 = 24
global_cp = 0.27
goal2 = 34
runtime = 0.02509087
epsilon = 0.375
num_interactions = [1, 1]
iteration_count = 0
