countingtime = 2.295e-6
start1 = 13
lamba = 0.5
start2 = 3
time_spent_on_astar = 0.000372487
t_delay = 0.5
mean_prob_err = 0.004999998386531035
std_prob_err = nan
conflict_counts_locally = [37]
solution = [[[13, 14], [14, 15], [15, 16], [16, 17], [17, 18]], [[3, 9], [9, 15], [15, 21], [21, 27], [27, 33]]]
goal1 = 18
global_cp = 0.37
goal2 = 33
runtime = 0.026515153
epsilon = 0.85
num_interactions = [1, 1]
iteration_count = 0
