countingtime = 1.636e-6
start1 = 19
lamba = 0.5
start2 = 4
time_spent_on_astar = 0.00041730799999999997
t_delay = 0.5
mean_prob_err = 0.01749998563674421
std_prob_err = nan
conflict_counts_locally = [33]
solution = [[[19, 20], [20, 21], [21, 22], [22, 23], [23, 24]], [[4, 10], [10, 16], [16, 22], [22, 28], [28, 34]]]
goal1 = 24
global_cp = 0.33000000000000007
goal2 = 34
runtime = 0.027564461
epsilon = 0.975
num_interactions = [1, 1]
iteration_count = 0
