countingtime = 1.945e-6
start1 = 13
lamba = 0.5
start2 = 3
time_spent_on_astar = 0.00030820800000000003
t_delay = 0.5
mean_prob_err = 0.015000001613468983
std_prob_err = nan
conflict_counts_locally = [39]
solution = [[[13, 14], [14, 15], [15, 16], [16, 17], [17, 18]], [[3, 9], [9, 15], [15, 21], [21, 27], [27, 33]]]
goal1 = 18
global_cp = 0.39
goal2 = 33
runtime = 0.02400114
epsilon = 0.975
num_interactions = [1, 1]
iteration_count = 0
